books to jibril, oakland
0671744135 songs of the doomed
0393956369 norton poetry anth

0679723013
0140177388
65-19294
0586259331
0385319460
0393960439
0486222543
0486253570
0933174659
0486649407
0471500305
020123288X
0521074533 (neoclass)
1563242206
0394747232
0679729771
0802130119
0803784430
0060239603 (frogntoad)
0064440419
0452273056
0679411674
038541627X
84-13612
0486258017
0312151918
0395193958
0030024625
0871567393
0394747305
85-13195
0394820371
0060971754
0425133648
0721406351
0860916464
0226265579
0226288641
8423919102
0001921436
0395329205
0395340659
0399508023
0871356627

0802132952
081120457X
0415913934
2070360644
0452264464

